(471,34,0)
(439,32,0)
(424,10,0)
(344,21,0)
(340,38,0)
(329,15,0)
(264,36,0)
(230,19,16)
(117,44,0)
(108,28,0)
(104,8,0)
(97,20,0)
(89,37,0)
(85,40,0)
(78,12,0)
(75,27,0)
(70,31,266)
(65,19,528)
(62,31,32)
(50,11,0)
(46,25,0)
(36,33,0)
(35,31,40)
(35,29,0)
(35,13,0)
(33,2,0)
(31,7,0)
(27,26,0)
(26,39,0)
(25,35,0)
(25,31,0)
(22,3,0)
(21,31,459)
(20,31,316)
(20,31,23)
(20,1,0)
(17,19,193)
(16,47,0)
(16,46,0)
(15,19,0)
(15,17,0)
(14,31,235)
(14,31,28)
(14,9,0)
(13,31,215)
(12,31,87)
(11,5,0)
(10,31,24)
(10,4,0)
(7,31,26)
(6,60,0)
(6,50,0)
(6,48,0)
(6,45,0)
(6,31,104)
(6,31,60)
(6,31,8)
(6,23,0)
(6,22,0)
(5,57,0)
(5,54,0)
(5,52,0)
(5,41,0)
(5,31,151)
(5,31,124)
(4,61,0)
(4,56,0)
(4,55,0)
(4,53,0)
(4,51,0)
(4,49,0)
(4,43,0)
(4,42,0)
(4,31,824)
(4,31,279)
(4,30,0)
(4,6,0)
(3,63,0)
(2,62,1)
(2,62,0)
(2,59,0)
(2,58,1)
(2,58,0)
(2,31,954)
(2,31,144)
(2,31,136)
(2,31,19)
(1,63,64)
(1,63,30)
(1,63,29)
(1,63,24)
(1,59,22)
(1,59,21)
(1,31,922)
(1,31,792)
(1,31,536)
(1,31,491)
(1,31,407)
(1,31,200)
(1,30,8)
(1,30,3)
(1,30,2)
(1,30,1)
